1 thread:
1156358
1094007
1111182

2 threads:
822488
781721
759253

3 threads:
843755
817984
818424

4 threads:
1178910
859988
912673

5 threads:
889825
909574
923707

6 threads:
946874
963947
1050456

7 threads:
1287229
1129804
957286

8 threads:
1133611
931122
965050

9 threads:
996081
970526
982887

10 threads:
983117
977861
997701

11 threads:
982573
970284
969898

12 threads:
986212
1003712
983163

13 threads:
1101084
1063341
1298140

14 threads:
1112492
1057072
1083007

15 threads:
1357122
1079647
1142047

